21
2147483647
1
10
4
10
10
10
10
10
22
22
22
22
46
46
46
46
94
190
94
94
1
2147483647
4
1
4
4
4
4
4
10
10
10
10
22
22
22
22
46
94
46
46
10
4
2147483647
1
4
4
4
4
4
10
10
10
10
22
22
22
22
46
94
46
46
4
1
1
2147483647
1
1
1
1
1
4
4
4
4
10
10
10
10
22
46
22
22
10
4
4
1
2147483647
4
1
1
1
1
4
4
4
10
10
10
10
22
46
22
22
10
4
4
1
4
2147483647
4
4
1
10
4
4
4
10
10
10
10
22
46
22
22
10
4
4
1
1
4
2147483647
4
4
1
1
4
4
10
10
10
10
22
46
22
22
10
4
4
1
1
4
4
2147483647
4
1
1
4
4
10
10
10
10
22
46
22
22
10
4
4
1
1
1
4
4
2147483647
4
1
1
1
4
4
4
4
10
22
10
10
22
10
10
4
1
10
1
1
4
2147483647
1
1
4
4
10
4
4
10
22
10
10
22
10
10
4
4
4
1
1
1
1
2147483647
1
1
4
4
4
4
10
22
10
10
22
10
10
4
4
4
4
4
1
1
1
2147483647
4
1
4
1
1
4
10
4
4
22
10
10
4
4
4
4
4
1
4
1
4
2147483647
1
1
4
4
4
10
10
10
46
22
22
10
10
10
10
10
4
4
4
1
1
2147483647
1
1
1
1
4
4
4
46
22
22
10
10
10
10
10
4
10
4
4
1
1
2147483647
4
4
1
4
10
10
46
22
22
10
10
10
10
10
4
4
4
1
4
1
4
2147483647
4
4
10
10
10
46
22
22
10
10
10
10
10
4
4
4
1
4
1
4
4
2147483647
4
4
1
1
94
46
46
22
22
22
22
22
10
10
10
4
4
1
1
4
4
2147483647
1
4
4
190
94
94
46
46
46
46
46
22
22
22
10
10
4
4
10
4
1
2147483647
1
1
94
46
46
22
22
22
22
22
10
10
10
4
10
4
10
10
1
4
1
2147483647
1
94
46
46
22
22
22
22
22
10
10
10
4
10
4
10
10
1
4
1
1
2147483647
