332 382 0 0
332 383 0.893995 -0.448077
332 383 0.850905 0.52532
341 392 0.850905 0.52532
341 392 -0.893995 -0.448077
341 369 -0.893995 -0.448077
341 369 -0.199833 -0.97983
350 349 -0.199833 -0.97983
350 349 0.893995 -0.448077
350 396 0.893995 -0.448077
350 396 0.745864 0.666098
358 397 0.745864 0.666098
358 397 -0.149689 -0.988733
366 437 -0.149689 -0.988733
366 437 -0.991112 -0.133027
367 264 -0.991112 -0.133027
367 264 0.950592 -0.310444
372 255 0.950592 -0.310444
372 255 0.893995 -0.448077
372 451 0.893995 -0.448077
372 451 0 1
381 451 0 1
381 451 -0.893995 -0.448077
381 255 -0.893995 -0.448077
381 255 0 1
382 255 0 1
382 255 0 1
391 255 0 1
391 255 0.893995 -0.448077
391 436 0.893995 -0.448077
391 436 0.893995 -0.448077
391 451 0.893995 -0.448077
391 451 0 1
400 451 0 1
400 451 -0.893995 -0.448077
400 437 -0.893995 -0.448077
400 437 -0.0569759 0.998376
409 436 -0.0569759 0.998376
409 436 0.893995 -0.448077
409 451 0.893995 -0.448077
409 451 -0.0569759 0.998376
418 450 -0.0569759 0.998376
418 450 -0.893995 -0.448077
418 436 -0.893995 -0.448077
418 436 0 1
427 436 0 1
427 436 0.893995 -0.448077
427 450 0.893995 -0.448077
427 450 0.0569759 0.998376
436 451 0.0569759 0.998376
436 451 -0.893995 -0.448077
436 436 -0.893995 -0.448077
436 436 0 1
445 436 0 1
445 436 0.893995 -0.448077
445 451 0.893995 -0.448077
445 451 0 1
454 451 0 1
454 451 -0.893995 -0.448077
454 436 -0.893995 -0.448077
454 436 0 1
463 436 0 1
463 436 0.893995 -0.448077
463 451 0.893995 -0.448077
463 451 -0.0569759 0.998376
472 450 -0.0569759 0.998376
472 450 -0.893995 -0.448077
472 436 -0.893995 -0.448077
472 436 0 1
481 436 0 1
481 436 0.893995 -0.448077
481 450 0.893995 -0.448077
481 450 0 1
490 450 0 1
490 450 -0.893995 -0.448077
490 436 -0.893995 -0.448077
490 436 0 1
499 436 0 1
499 436 0.893995 -0.448077
499 451 0.893995 -0.448077
499 451 -0.0569759 0.998376
508 450 -0.0569759 0.998376
508 450 -0.893995 -0.448077
508 436 -0.893995 -0.448077
508 436 -0.0569759 0.998376
517 435 -0.0569759 0.998376
517 435 0.893995 -0.448077
517 451 0.893995 -0.448077
517 451 0 1
526 451 0 1
526 451 -0.893995 -0.448077
526 436 -0.893995 -0.448077
526 436 0 1
535 436 0 1
535 436 0.893995 -0.448077
535 451 0.893995 -0.448077
535 451 0 1
544 451 0 1
544 451 -0.893995 -0.448077
544 435 -0.893995 -0.448077
544 435 0.0569759 0.998376
553 436 0.0569759 0.998376
553 436 0.893995 -0.448077
553 452 0.893995 -0.448077
553 452 0 1
553 452 0 1
553 452 -0.0745526 -0.997217
395 255 -0.0745526 -0.997217
395 255 0.893995 -0.448077
395 308 0.893995 -0.448077
395 308 -0.273446 -0.961887
404 296 -0.273446 -0.961887
404 296 -0.893995 -0.448077
404 255 -0.893995 -0.448077
404 255 0.0569759 0.998376
413 256 0.0569759 0.998376
413 256 0.893995 -0.448077
413 281 0.893995 -0.448077
413 281 0.40283 0.915275
422 278 0.40283 0.915275
422 278 -0.893995 -0.448077
422 256 -0.893995 -0.448077
422 256 0 1
427 256 0 1
427 256 0.801933 0.597415
395 356 0.801933 0.597415
395 356 0.064025 -0.997948
403 338 0.064025 -0.997948
403 338 0.893995 -0.448077
403 389 0.893995 -0.448077
403 389 -0.0569759 0.998376
412 388 -0.0569759 0.998376
412 388 -0.893995 -0.448077
412 338 -0.893995 -0.448077
412 338 -0.40283 0.915275
421 341 -0.40283 0.915275
421 341 0.893995 -0.448077
421 388 0.893995 -0.448077
421 388 -0.920849 0.38992
430 392 -0.920849 0.38992
430 392 -0.893995 -0.448077
430 341 -0.893995 -0.448077
430 341 0 1
430 341 0 1
430 341 0.49496 -0.868916
425 305 0.49496 -0.868916
425 305 0.974306 0.225229
439 256 0.974306 0.225229
439 256 -0.613193 0.789933
446 237 -0.613193 0.789933
446 237 0.893995 -0.448077
446 297 0.893995 -0.448077
446 297 0.893995 -0.448077
446 418 0.893995 -0.448077
446 418 0.40283 0.915275
455 415 0.40283 0.915275
455 415 -0.893995 -0.448077
455 296 -0.893995 -0.448077
455 296 0 1
460 296 0 1
460 296 -0.994175 0.107775
456 256 -0.994175 0.107775
456 256 0.893995 -0.448077
456 276 0.893995 -0.448077
456 276 -0.994912 0.100752
460 275 -0.994912 0.100752
460 275 -0.968621 -0.248544
469 256 -0.968621 -0.248544
469 256 0.893995 -0.448077
469 421 0.893995 -0.448077
469 421 0 1
478 421 0 1
478 421 -0.893995 -0.448077
478 256 -0.893995 -0.448077
478 256 0 1
482 256 0 1
482 256 0 1
491 256 0 1
491 256 0.893995 -0.448077
491 399 0.893995 -0.448077
491 399 0.893995 -0.448077
491 420 0.893995 -0.448077
491 420 0 1
494 420 0 1
494 420 -0.834613 0.550837
497 256 -0.834613 0.550837
497 256 0.893995 -0.448077
497 275 0.893995 -0.448077
497 275 0 1
506 275 0 1
506 275 -0.893995 -0.448077
506 255 -0.893995 -0.448077
506 255 0 1
515 255 0 1
515 255 0.893995 -0.448077
515 275 0.893995 -0.448077
515 275 -0.0569759 0.998376
524 274 -0.0569759 0.998376
524 274 -0.893995 -0.448077
524 255 -0.893995 -0.448077
524 255 0 1
533 255 0 1
533 255 0.893995 -0.448077
533 274 0.893995 -0.448077
533 274 0 1
542 274 0 1
542 274 -0.893995 -0.448077
542 255 -0.893995 -0.448077
542 255 -0.0569759 0.998376
551 254 -0.0569759 0.998376
551 254 0.893995 -0.448077
551 274 0.893995 -0.448077
551 274 0 1
560 274 0 1
560 274 -0.893995 -0.448077
560 254 -0.893995 -0.448077
560 254 0 1
569 254 0 1
569 254 0.893995 -0.448077
569 272 0.893995 -0.448077
569 272 0 1
578 272 0 1
578 272 -0.893995 -0.448077
578 253 -0.893995 -0.448077
578 253 0 1
587 253 0 1
587 253 0.893995 -0.448077
587 272 0.893995 -0.448077
587 272 0.0569759 0.998376
596 273 0.0569759 0.998376
596 273 -0.893995 -0.448077
596 253 -0.893995 -0.448077
596 253 0 1
605 253 0 1
605 253 0.893995 -0.448077
605 272 0.893995 -0.448077
605 272 0 1
614 272 0 1
614 272 -0.893995 -0.448077
614 252 -0.893995 -0.448077
614 252 0.0569759 0.998376
623 253 0.0569759 0.998376
623 253 0.893995 -0.448077
623 272 0.893995 -0.448077
623 272 0 1
632 272 0 1
632 272 -0.893995 -0.448077
632 253 -0.893995 -0.448077
632 253 -0.0569759 0.998376
641 252 -0.0569759 0.998376
641 252 0.893995 -0.448077
641 272 0.893995 -0.448077
641 272 0 1
650 272 0 1
650 272 -0.893995 -0.448077
650 252 -0.893995 -0.448077
650 252 0 1
659 252 0 1
659 252 0.893995 -0.448077
659 271 0.893995 -0.448077
659 271 0 1
668 271 0 1
668 271 -0.893995 -0.448077
668 251 -0.893995 -0.448077
668 251 -0.990426 0.138045
674 248 -0.990426 0.138045
674 248 0.99433 0.106338
497 296 0.99433 0.106338
497 296 0 1
503 296 0 1
503 296 0.893995 -0.448077
503 420 0.893995 -0.448077
503 420 0.703472 -0.710723
512 415 0.703472 -0.710723
512 415 -0.893995 -0.448077
512 293 -0.893995 -0.448077
512 293 0 1
512 293 0 1
512 293 0.18845 0.982083
558 472 0.18845 0.982083
558 472 -0.918073 -0.396412
562 436 -0.918073 -0.396412
562 436 0.893995 -0.448077
562 472 0.893995 -0.448077
562 472 0.712347 -0.701828
571 464 0.712347 -0.701828
571 464 -0.893995 -0.448077
571 436 -0.893995 -0.448077
571 436 0 1
580 436 0 1
580 436 0.893995 -0.448077
580 462 0.893995 -0.448077
580 462 0.40283 0.915275
589 459 0.40283 0.915275
589 459 -0.893995 -0.448077
589 436 -0.893995 -0.448077
589 436 0 1
598 436 0 1
598 436 0.893995 -0.448077
598 458 0.893995 -0.448077
598 458 0 1
602 458 0 1
602 458 -0.910185 0.414201
606 482 -0.910185 0.414201
606 482 -0.583104 0.812397
611 445 -0.583104 0.812397
611 445 0.893995 -0.448077
611 486 0.893995 -0.448077
611 486 0.0375531 0.999295
620 484 0.0375531 0.999295
620 484 -0.893995 -0.448077
620 445 -0.893995 -0.448077
620 445 0.745864 0.666098
628 446 0.745864 0.666098
628 446 -0.0569759 0.998376
637 445 -0.0569759 0.998376
637 445 0.893995 -0.448077
637 522 0.893995 -0.448077
637 522 -0.567197 0.823582
646 504 -0.567197 0.823582
646 504 -0.893995 -0.448077
646 446 -0.893995 -0.448077
646 446 0 1
648 446 0 1
648 446 0.975248 -0.221116
642 306 0.975248 -0.221116
642 306 0.343576 0.939125
645 408 0.343576 0.939125
645 408 0.956726 0.290989
652 287 0.956726 0.290989
652 287 0.893995 -0.448077
652 404 0.893995 -0.448077
652 404 0.946617 -0.322361
660 395 0.946617 -0.322361
660 395 -0.161454 0.98688
657 437 -0.161454 0.98688
657 437 0.893995 -0.448077
657 497 0.893995 -0.448077
657 497 0.615493 -0.788142
663 421 0.615493 -0.788142
663 421 0.487652 0.873038
669 286 0.487652 0.873038
669 286 0.932423 0.361369
672 492 0.932423 0.361369
672 492 -0.932423 0.361369
675 286 -0.932423 0.361369
675 286 -0.978128 0.208004
683 252 -0.978128 0.208004
683 252 0.893995 -0.448077
683 424 0.893995 -0.448077
683 424 0 1
690 424 0 1
690 424 -0.608381 -0.793645
699 409 -0.608381 -0.793645
699 409 -0.995036 -0.0995113
700 252 -0.995036 -0.0995113
700 252 0.893995 -0.448077
700 286 0.893995 -0.448077
700 286 0.215404 0.976525
704 412 0.215404 0.976525
704 412 0.893995 -0.448077
704 445 0.893995 -0.448077
704 445 0.0417521 0.999128
711 252 0.0417521 0.999128
711 252 0.803827 0.594863
712 304 0.803827 0.594863
712 304 0.893995 -0.448077
712 311 0.893995 -0.448077
712 311 -0.990808 -0.135277
720 308 -0.990808 -0.135277
720 308 0.872946 0.487816
712 347 0.872946 0.487816
712 347 0.893995 -0.448077
712 367 0.893995 -0.448077
712 367 0.40283 0.915275
721 364 0.40283 0.915275
721 364 -0.893995 -0.448077
721 348 -0.893995 -0.448077
721 348 0.0569759 0.998376
730 349 0.0569759 0.998376
730 349 0.893995 -0.448077
730 370 0.893995 -0.448077
730 370 -0.776379 -0.630267
739 380 -0.776379 -0.630267
739 380 -0.893995 -0.448077
739 348 -0.893995 -0.448077
739 348 0.174967 0.984574
748 355 0.174967 0.984574
748 355 0.893995 -0.448077
748 384 0.893995 -0.448077
748 384 0.762683 -0.646773
757 390 0.762683 -0.646773
757 390 -0.893995 -0.448077
757 357 -0.893995 -0.448077
757 357 -0.947018 0.321181
766 370 -0.947018 0.321181
766 370 0.893995 -0.448077
766 391 0.893995 -0.448077
766 391 0.0569759 0.998376
775 392 0.0569759 0.998376
775 392 -0.893995 -0.448077
775 370 -0.893995 -0.448077
775 370 0 1
776 370 0 1
776 370 -0.996959 0.0779295
722 252 -0.996959 0.0779295
722 252 0.893995 -0.448077
722 271 0.893995 -0.448077
722 271 0 1
731 271 0 1
731 271 -0.893995 -0.448077
731 251 -0.893995 -0.448077
731 251 0 1
740 251 0 1
740 251 0.893995 -0.448077
740 270 0.893995 -0.448077
740 270 0 1
749 270 0 1
749 270 -0.893995 -0.448077
749 250 -0.893995 -0.448077
749 250 0.994912 0.100752
753 251 0.994912 0.100752
